Edge	6	27	26	0	0	0	324	-1
	Sequence	+edge_4_0_+disjointig_1_91791_94314 2523 1 160036 91791 94314
	Sequence	+edge_4_1_+disjointig_1_149165_151688 2523 1 160036 149165 151688
Edge	7	38	21	0	0	0	324	-1
	Sequence	-edge_4_0_+disjointig_1_91791_94314 2523 -1 160036 65721 68244
	Sequence	-edge_4_1_+disjointig_1_149165_151688 2523 -1 160036 8347 10870
Edge	14	24	7	0	0	0	364	-1
	Sequence	+edge_8_0_+disjointig_4_1170395_1254268 83873 7 1907225 1170395 1254268
Edge	15	8	5	0	0	0	364	-1
	Sequence	-edge_8_0_+disjointig_4_1170395_1254268 83873 -7 1907225 652956 736829
Edge	16	43	51	0	0	0	365	-1
	Sequence	+edge_9_0_+disjointig_4_1458946_1598384 139438 7 1907225 1458946 1598384
Edge	17	28	33	0	0	0	365	-1
	Sequence	-edge_9_0_+disjointig_4_1458946_1598384 139438 -7 1907225 308840 448278
Edge	42	56	20	0	0	0	368	-1
	Sequence	+edge_22_0_-disjointig_2_2868838_3071103 202265 -5 3090332 2868838 3071103
Edge	43	29	57	0	0	0	368	-1
	Sequence	-edge_22_0_-disjointig_2_2868838_3071103 202265 5 3090332 19228 221493
Edge	64	15	19	0	0	0	351	-1
	Sequence	+edge_33_0_+disjointig_2_2940399_3045540 105141 5 3090332 2940399 3045540
Edge	65	31	52	0	0	0	351	-1
	Sequence	-edge_33_0_+disjointig_2_2940399_3045540 105141 -5 3090332 44791 149932
Edge	84	26	27	0	0	0	336	-1
	Sequence	+edge_43_0_+disjointig_1_36936_91791 54855 1 160036 36936 91791
	Sequence	+edge_43_1_+disjointig_1_94314_149165 54851 1 160036 94314 149165
Edge	85	21	38	0	0	0	336	-1
	Sequence	-edge_43_0_+disjointig_1_36936_91791 54855 -1 160036 68244 123099
	Sequence	-edge_43_1_+disjointig_1_94314_149165 54851 -1 160036 10870 65721
Edge	86	0	55	0	0	0	362	-1
	Sequence	+edge_44_0_-disjointig_2_1774292_2863491 1089199 -5 3090332 1774292 2863491
Edge	87	13	3	0	0	0	362	-1
	Sequence	-edge_44_0_-disjointig_2_1774292_2863491 1089199 5 3090332 226840 1316039
Edge	90	25	41	0	0	0	361	-1
	Sequence	+edge_46_0_+disjointig_4_1416500_1453695 37195 7 1907225 1416500 1453695
Edge	91	16	18	0	0	0	361	-1
	Sequence	-edge_46_0_+disjointig_4_1416500_1453695 37195 -7 1907225 453529 490724
Edge	92	34	29	0	0	0	354	-1
	Sequence	+edge_47_0_+disjointig_4_1603734_1907217 303483 7 1907225 1603734 1907217
Edge	93	20	32	0	0	0	354	-1
	Sequence	-edge_47_0_+disjointig_4_1603734_1907217 303483 -7 1907225 7 303490
Edge	94	50	17	0	0	0	372	-1
	Sequence	+edge_48_0_-disjointig_2_201195_478670 277475 -5 3090332 201195 478670
Edge	95	10	48	0	0	0	372	-1
	Sequence	-edge_48_0_-disjointig_2_201195_478670 277475 5 3090332 2611661 2889136
Edge	96	46	31	0	0	0	371	-1
	Sequence	+edge_49_0_-disjointig_4_1241118_1907224 666106 -7 1907225 1241118 1907224
Edge	97	19	44	0	0	0	371	-1
	Sequence	-edge_49_0_-disjointig_4_1241118_1907224 666106 7 1907225 0 666106
Edge	98	6	37	0	0	0	365	-1
	Sequence	+edge_50_0_+disjointig_4_1259843_1410982 151139 7 1907225 1259843 1410982
Edge	99	14	9	0	0	0	365	-1
	Sequence	-edge_50_0_+disjointig_4_1259843_1410982 151139 -7 1907225 496242 647381
Edge	100	2	11	0	0	0	355	-1
	Sequence	+edge_51_0_+disjointig_2_1318249_2609353 1291104 5 3090332 1318249 2609353
Edge	101	12	1	0	0	0	355	-1
	Sequence	-edge_51_0_+disjointig_2_1318249_2609353 1291104 -5 3090332 480978 1772082
Edge	102	49	54	0	0	0	369	-1
	Sequence	+edge_52_0_+disjointig_2_2894489_2938270 43781 5 3090332 2894489 2938270
Edge	103	53	42	0	0	0	369	-1
	Sequence	-edge_52_0_+disjointig_2_2894489_2938270 43781 -5 3090332 152061 195842
Edge	104	47	45	0	0	0	367	-1
	Sequence	+edge_53_0_+disjointig_4_671609_1165047 493438 7 1907225 671609 1165047
Edge	105	4	35	0	0	0	367	-1
	Sequence	-edge_53_0_+disjointig_4_671609_1165047 493438 -7 1907225 742177 1235615
Edge	106	36	36	0	0	0	477	-1
	Sequence	+edge_54_0_-disjointig_3_49891_170682 120791 -6 220583 49891 170682
Edge	107	40	40	0	0	0	477	-1
	Sequence	-edge_54_0_-disjointig_3_49891_170682 120791 6 220583 49900 170691
Edge	108	41	43	0	0	0	363	-1
	Sequence	+edge_55_0_+3bade6c9-4871-46d2-9515-1db5213c4bcf_8087_13336 5249 * 0 0 0
Edge	109	33	16	0	0	0	363	-1
	Sequence	-edge_55_0_+3bade6c9-4871-46d2-9515-1db5213c4bcf_8087_13336 5249 * 0 0 0
Edge	110	44	47	0	0	0	369	-1
	Sequence	+edge_56_0_+4639a6d5-68bf-4ea5-a29e-397d4c033771_3588_9088 5500 * 0 0 0
Edge	111	35	46	0	0	0	369	-1
	Sequence	-edge_56_0_+4639a6d5-68bf-4ea5-a29e-397d4c033771_3588_9088 5500 * 0 0 0
Edge	112	48	49	0	0	0	370	-1
	Sequence	+edge_57_0_+0888296e-2e72-4a9b-8cb0-d7fe5ab5c8b3_14919_20268 5349 * 0 0 0
Edge	113	42	50	0	0	0	370	-1
	Sequence	-edge_57_0_+0888296e-2e72-4a9b-8cb0-d7fe5ab5c8b3_14919_20268 5349 * 0 0 0
Edge	114	37	25	0	0	0	363	-1
	Sequence	+edge_58_0_+91d5c143-4693-4c37-a8e2-84b52c8ff5b2_13152_18669 5517 * 0 0 0
Edge	115	18	14	0	0	0	363	-1
	Sequence	-edge_58_0_+91d5c143-4693-4c37-a8e2-84b52c8ff5b2_13152_18669 5517 * 0 0 0
Edge	116	32	28	0	0	0	359	-1
	Sequence	+edge_59_0_+be544590-9902-4dc3-b7b3-add7150889d2_4627_9975 5348 * 0 0 0
Edge	117	51	34	0	0	0	359	-1
	Sequence	-edge_59_0_+be544590-9902-4dc3-b7b3-add7150889d2_4627_9975 5348 * 0 0 0
Edge	118	52	53	0	0	0	360	-1
	Sequence	+edge_60_0_-4f5d373a-08ae-4488-8807-9ad71482ae95_8350_10479 2129 * 0 0 0
Edge	119	54	15	0	0	0	360	-1
	Sequence	-edge_60_0_-4f5d373a-08ae-4488-8807-9ad71482ae95_8350_10479 2129 * 0 0 0
Edge	120	55	56	0	0	0	365	-1
	Sequence	+edge_61_0_-763bfee0-272e-4fa9-a879-f8e6c99510c7_1718_7063 5345 * 0 0 0
Edge	121	57	13	0	0	0	365	-1
	Sequence	-edge_61_0_-763bfee0-272e-4fa9-a879-f8e6c99510c7_1718_7063 5345 * 0 0 0
Edge	122	17	12	0	0	0	363	-1
	Sequence	+edge_62_0_+6b57578c-6fea-4711-b378-ff5173582dd1_4601_6909 2308 * 0 0 0
Edge	123	11	10	0	0	0	363	-1
	Sequence	-edge_62_0_+6b57578c-6fea-4711-b378-ff5173582dd1_4601_6909 2308 * 0 0 0
Edge	124	9	8	0	0	0	364	-1
	Sequence	+edge_63_0_-4f4a67af-2bf3-425e-92c2-9d5ebc889066_3798_9371 5573 * 0 0 0
Edge	125	7	6	0	0	0	364	-1
	Sequence	-edge_63_0_-4f4a67af-2bf3-425e-92c2-9d5ebc889066_3798_9371 5573 * 0 0 0
Edge	126	45	24	0	0	0	365	-1
	Sequence	+edge_64_0_-628aa5fb-03c5-4b6b-9171-1e61065553fa_6898_12244 5346 * 0 0 0
Edge	127	5	4	0	0	0	365	-1
	Sequence	-edge_64_0_-628aa5fb-03c5-4b6b-9171-1e61065553fa_6898_12244 5346 * 0 0 0
Edge	128	3	2	0	0	0	358	-1
	Sequence	+edge_65_0_+ef801b4e-1d71-463a-aeff-7d78f04b699e_6569_8777 2208 * 0 0 0
Edge	129	1	0	0	0	0	358	-1
	Sequence	-edge_65_0_+ef801b4e-1d71-463a-aeff-7d78f04b699e_6569_8777 2208 * 0 0 0
